info: 6/2/2023, 2:20:31 PM, 1071378911, SELL, ETHUSDT, FILLED, 1871.54000, 2893.40084, 1.546, MARKET
info: 6/2/2023, 2:20:32 PM, 1071378934, BUY, ETHUSDT, FILLED, 1872.00000, 2894.112, 1.546, MARKET
